3 0.5 0.47109375 1 0.9421875
3 0.47734375 0.65390625 0.50703125 0.4953125
3 0.84375 0.75859375 0.3125 0.36796875
3 0.87109375 0.40390625 0.25703125 0.375
3 0.6796875 0.1703125 0.365625 0.340625
3 0.3140625 0.14765625 0.28125 0.24765625
3 0.21171875 0.396875 0.27421875 0.29296875
3 0.11328125 0.6921875 0.22109375 0.34140625
3 0.046875 0.4390625 0.09375 0.2765625
3 0.09609375 0.2015625 0.1921875 0.240625
3 0.228125 0.44140625 0.45625 0.8390625
3 0.59375 0.4546875 0.3125 0.28359375
3 0.89296875 0.1421875 0.084375 0.1734375
