3 0.4984375 0.4890625 0.996875 0.978125
3 0.7859375 0.74296875 0.40859375 0.3796875
3 0.72265625 0.37734375 0.42578125 0.384375
3 0.41328125 0.11640625 0.34140625 0.2328125
3 0.33203125 0.3328125 0.34609375 0.28125
3 0.11171875 0.134375 0.2234375 0.22109375
3 0.4078125 0.578125 0.459375 0.43984375
3 0.73828125 0.0984375 0.33671875 0.196875
3 0.08671875 0.41484375 0.1734375 0.353125
3 0.0890625 0.74609375 0.178125 0.37265625
3 0.95078125 0.303125 0.09375 0.3171875
3 0.4203125 0.834375 0.35078125 0.2359375
