3 0.75625 0.53984375 0.290625 0.25703125
3 0.18984375 0.43515625 0.33671875 0.2640625
3 0.49140625 0.88671875 0.3296875 0.22109375
3 0.7859375 0.890625 0.25 0.2140625
3 0.9375 0.79453125 0.115625 0.165625
3 0.24765625 0.92421875 0.2984375 0.146875
3 0.32421875 0.22578125 0.3078125 0.26953125
3 0.540625 0.1984375 0.27890625 0.26171875
3 0.49765625 0.81953125 0.9953125 0.35546875
3 0.5 0.5328125 0.990625 0.93046875
3 0.94609375 0.9375 0.09375 0.1203125
3 0.06875 0.9265625 0.13671875 0.13203125
3 0.56953125 0.4359375 0.21640625 0.18984375
3 0.3546875 0.50859375 0.228125 0.13671875
