3 0.5984375 0.2609375 0.2546875 0.2953125
3 0.875 0.59765625 0.25 0.3296875
3 0.3609375 0.78359375 0.2546875 0.33671875
3 0.91328125 0.3109375 0.16796875 0.2328125
3 0.51953125 0.52421875 0.95703125 0.946875
3 0.3125 0.3890625 0.47109375 0.27890625
3 0.859375 0.13125 0.24296875 0.15625
3 0.18984375 0.5984375 0.29296875 0.303125
3 0.446875 0.41484375 0.2015625 0.228125
3 0.4234375 0.63671875 0.2359375 0.25
3 0.81875 0.97109375 0.146875 0.0578125
3 0.86484375 0.5265625 0.2703125 0.946875
3 0.8796875 0.8578125 0.240625 0.28359375
