3 0.5 0.5 1 1
3 0.85546875 0.2859375 0.28828125 0.321875
3 0.25703125 0.79921875 0.40390625 0.3296875
3 0.5453125 0.1625 0.28359375 0.32421875
3 0.64296875 0.8109375 0.30078125 0.3484375
3 0.20078125 0.49296875 0.4015625 0.28828125
3 0.87109375 0.5953125 0.25234375 0.28125
3 0.60703125 0.4734375 0.2859375 0.34140625
3 0.85546875 0.8859375 0.2015625 0.228125
3 0.07109375 0.86328125 0.1421875 0.16328125
3 0.11171875 0.06015625 0.1078125 0.1203125
3 0.27265625 0.209375 0.36328125 0.33203125
3 0.0296875 0.32109375 0.059375 0.2046875
