3 0.49375 0.50546875 0.9875 0.9828125
3 0.29921875 0.29921875 0.1421875 0.165625
3 0.6765625 0.13828125 0.271875 0.18046875
3 0.05546875 0.78828125 0.1109375 0.22109375
3 0.8375 0.7546875 0.2046875 0.134375
3 0.59609375 0.9 0.15390625 0.19453125
3 0.49296875 0.415625 0.240625 0.1734375
3 0.58671875 0.290625 0.2453125 0.1734375
3 0.86640625 0.8859375 0.19453125 0.146875
3 0.87109375 0.5296875 0.11328125 0.12265625
3 0.46640625 0.678125 0.2015625 0.16796875
3 0.21640625 0.06640625 0.1296875 0.13203125
3 0.19609375 0.7484375 0.17578125 0.18046875
3 0.50625 0.775 0.17578125 0.146875
3 0.3234375 0.80859375 0.19921875 0.19921875
3 0.37734375 0.94609375 0.14453125 0.09375
