3 0.60703125 0.54453125 0.1703125 0.17578125
3 0.6296875 0.28828125 0.15859375 0.16328125
3 0.87265625 0.43515625 0.16796875 0.1734375
3 0.8484375 0.6765625 0.178125 0.18046875
3 0.5 0.06875 0.14921875 0.13671875
3 0.634375 0.7875 0.16796875 0.18515625
3 0.8421875 0.87109375 0.18046875 0.18046875
3 0.48046875 0.2234375 0.14921875 0.14921875
3 0.29453125 0.12265625 0.1421875 0.14453125
3 0.615625 0.93984375 0.16796875 0.115625
3 0.4703125 0.4 0.13203125 0.146875
3 0.0625 0.05078125 0.04296875 0.10078125
3 0.54453125 0.49765625 0.86328125 0.990625
3 0.2859375 0.31484375 0.1390625 0.1296875
3 0.2875 0.459375 0.13203125 0.1296875
3 0.27265625 0.02421875 0.12734375 0.0484375
3 0.25703125 0.90859375 0.09609375 0.1203125
3 0.2609375 0.59375 0.12734375 0.1390625
3 0.428125 0.54296875 0.10546875 0.1109375
3 0.96875 0.384375 0.0578125 0.14453125
3 0.15234375 0.90390625 0.0796875 0.125
3 0.26796875 0.77890625 0.11328125 0.10546875
3 0.9625 0.2296875 0.06953125 0.165625
