3 0.4984375 0.49296875 0.99296875 0.9859375
3 0.4078125 0.23671875 0.12265625 0.11796875
3 0.24765625 0.35703125 0.1203125 0.11328125
3 0.3421875 0.08046875 0.12265625 0.12265625
3 0.2203125 0.1921875 0.12734375 0.1203125
3 0.946875 0.625 0.09609375 0.08671875
3 0.43984375 0.41484375 0.115625 0.1078125
3 0.89765625 0.3265625 0.103125 0.09140625
3 0.9015625 0.4640625 0.10078125 0.09140625
3 0.646875 0.88828125 0.1203125 0.12265625
3 0.78359375 0.7921875 0.115625 0.1078125
3 0.1890625 0.08203125 0.13203125 0.08671875
3 0.8265625 0.92578125 0.10546875 0.0671875
3 0.88828125 0.1359375 0.09375 0.084375
3 0.76328125 0.67578125 0.11328125 0.09609375
3 0.8859375 0.0453125 0.0890625 0.0765625
3 0.13359375 0.92578125 0.12265625 0.10546875
