3 0.7765625 0.6234375 0.3703125 0.36328125
3 0.27890625 0.6296875 0.45703125 0.446875
3 0.8609375 0.35078125 0.27421875 0.35078125
3 0.81953125 0.05625 0.3265625 0.1125
3 0.55078125 0.35 0.384375 0.38203125
3 0.5 0.4984375 1 0.996875
3 0.021875 0.353125 0.04296875 0.2453125
3 0.52421875 0.03125 0.21640625 0.0625
3 0.1453125 0.94453125 0.26171875 0.10546875
3 0.984375 0.67578125 0.0265625 0.1296875
3 0.46640625 0.865625 0.23046875 0.23046875
3 0.3328125 0.16015625 0.1078125 0.21875
3 0.678125 0.8796875 0.20703125 0.125
