3 0.2921875 0.0828125 0.084375 0.09375
3 0.46015625 0.0984375 0.0890625 0.10078125
3 0.77734375 0.5421875 0.11796875 0.12265625
3 0.09375 0.43046875 0.115625 0.1203125
3 0.49765625 0.49609375 0.9921875 0.9921875
3 0.6 0.07578125 0.0890625 0.0984375
3 0.6875 0.72109375 0.115625 0.1203125
3 0.27890625 0.275 0.10078125 0.1078125
3 0.02734375 0.25859375 0.0546875 0.1046875
3 0.6 0.5421875 0.103125 0.11328125
3 0.1578125 0.2765625 0.1078125 0.1109375
3 0.86171875 0.7171875 0.11328125 0.12265625
3 0.93984375 0.5734375 0.115625 0.11796875
3 0.7859375 0.04921875 0.08203125 0.09375
3 0.5015625 0.2984375 0.09375 0.10078125
3 0.5578125 0.4359375 0.09609375 0.103125
3 0.9640625 0.72265625 0.0671875 0.12734375
3 0.8734375 0.03828125 0.0796875 0.0765625
3 0.953125 0.03984375 0.07421875 0.0796875
3 0.240625 0.4265625 0.10078125 0.1078125
3 0.68984375 0.04296875 0.0765625 0.0859375
3 0.3453125 0.453125 0.0984375 0.1078125
3 0.44609375 0.4421875 0.0984375 0.10078125
3 0.1546875 0.9375 0.103125 0.115625
3 0.0484375 0.93125 0.08203125 0.12734375
3 0.68125 0.4390625 0.103125 0.09375
3 0.14921875 0.7671875 0.10078125 0.1109375
3 0.39765625 0.27890625 0.09375 0.10546875
3 0.634375 0.303125 0.08671875 0.09140625
