5 0.4984375 0.5 0.996875 1
5 0.359375 0.2171875 0.37265625 0.36796875
5 0.85234375 0.46640625 0.2953125 0.365625
5 0.44140625 0.771875 0.37265625 0.375
5 0.134375 0.15390625 0.2359375 0.3078125
5 0.12109375 0.7734375 0.2421875 0.35625
5 0.7453125 0.09765625 0.33671875 0.19453125
5 0.60546875 0.3296875 0.3265625 0.33671875
5 0.30390625 0.51796875 0.353125 0.334375
5 0.66484375 0.91953125 0.3578125 0.1609375
5 0.915625 0.2125 0.16796875 0.31015625
5 0.40390625 0.06015625 0.34609375 0.1203125
5 0.05390625 0.45703125 0.1078125 0.34140625
