5 0.5 0.5 1 1
5 0.5171875 0.22109375 0.3703125 0.375
5 0.28515625 0.73046875 0.37265625 0.3703125
5 0.1859375 0.146875 0.2953125 0.29296875
5 0.9203125 0.3171875 0.15390625 0.33671875
5 0.8390625 0.634375 0.3171875 0.365625
5 0.07109375 0.7390625 0.1421875 0.353125
5 0.3125 0.4203125 0.3609375 0.33671875
5 0.603125 0.92578125 0.33671875 0.14453125
5 0.46171875 0.0515625 0.33203125 0.103125
5 0.6875 0.37734375 0.33671875 0.33671875
5 0.56015625 0.68984375 0.2984375 0.34140625
5 0.7984375 0.1203125 0.34609375 0.20703125
5 0.05625 0.40390625 0.1125 0.3171875
