5 0.5 0.5 1 1
5 0.45703125 0.14921875 0.365625 0.2984375
5 0.775 0.54921875 0.37265625 0.37265625
5 0.22578125 0.64921875 0.365625 0.3703125
5 0.803125 0.109375 0.34140625 0.2140625
5 0.9171875 0.31640625 0.165625 0.3578125
5 0.1984375 0.0890625 0.30546875 0.178125
5 0.78984375 0.87265625 0.353125 0.2546875
5 0.3265625 0.39921875 0.33671875 0.321875
5 0.47578125 0.94609375 0.33671875 0.1078125
5 0.09375 0.271875 0.1875 0.33671875
5 0.52890625 0.69453125 0.33203125 0.35546875
5 0.9265625 0.66015625 0.146875 0.34375
5 0.1609375 0.87890625 0.321875 0.2328125
5 0.6671875 0.3375 0.3390625 0.32421875
