5 0.85546875 0.6265625 0.0765625 0.1078125
5 0.7359375 0.859375 0.10078125 0.15625
5 0.4734375 0.5453125 0.1390625 0.2640625
5 0.1046875 0.5296875 0.103125 0.1703125
5 0.734375 0.64765625 0.0890625 0.1515625
5 0.3484375 0.46171875 0.14921875 0.2453125
5 0.30625 0.103125 0.06953125 0.10546875
5 0.18359375 0.2203125 0.06953125 0.103125
5 0.2453125 0.4984375 0.1109375 0.23828125
5 0.24296875 0.13359375 0.08671875 0.1609375
5 0.36640625 0.4859375 0.353125 0.39921875
5 0.11328125 0.640625 0.08203125 0.12734375
5 0.13359375 0.2453125 0.05078125 0.125
