5 0.31640625 0.540625 0.2328125 0.196875
5 0.578125 0.44921875 0.24765625 0.20703125
5 0.50859375 0.65859375 0.25703125 0.21640625
5 0.3015625 0.36328125 0.18984375 0.16796875
5 0.75234375 0.3859375 0.15390625 0.15625
5 0.74296875 0.2640625 0.15390625 0.10078125
5 0.521875 0.5453125 0.73046875 0.6921875
5 0.70078125 0.66953125 0.1421875 0.1421875
5 0.28515625 0.77890625 0.18046875 0.1828125
5 0.5140625 0.2828125 0.14453125 0.15625
5 0.81015625 0.728125 0.1109375 0.10546875
5 0.8390625 0.46015625 0.09140625 0.09375
