5 0.6671875 0.3234375 0.1609375 0.18984375
5 0.5421875 0.5828125 0.2046875 0.25234375
5 0.34140625 0.49140625 0.21640625 0.26171875
5 0.2453125 0.24375 0.178125 0.2046875
5 0.4796875 0.30390625 0.19453125 0.25234375
5 0.584375 0.771875 0.14921875 0.14453125
5 0.7015625 0.771875 0.10078125 0.14921875
5 0.44375 0.49609375 0.7046875 0.7765625
5 0.30625 0.678125 0.1515625 0.14453125
5 0.234375 0.77734375 0.0984375 0.11796875
5 0.13203125 0.6203125 0.0765625 0.1109375
5 0.5015625 0.83984375 0.0890625 0.09375
5 0.7125 0.52734375 0.15625 0.1515625
