5 0.4671875 0.1546875 0.209375 0.13203125
5 0.32421875 0.5484375 0.22578125 0.16328125
5 0.48828125 0.51953125 0.66328125 0.8796875
5 0.39453125 0.39296875 0.21640625 0.1421875
5 0.6234375 0.271875 0.18984375 0.134375
5 0.6921875 0.60078125 0.2015625 0.1296875
5 0.75 0.0375 0.1875 0.07421875
5 0.60546875 0.41484375 0.2015625 0.13671875
5 0.56875 0.56640625 0.2046875 0.1421875
5 0.4703125 0.27265625 0.11796875 0.12734375
5 0.25625 0.2703125 0.19921875 0.13671875
5 0.30859375 0.7453125 0.209375 0.14453125
