5 0.89765625 0.38828125 0.0984375 0.1421875
5 0.478125 0.5015625 0.10546875 0.13671875
5 0.66953125 0.16015625 0.0890625 0.11328125
5 0.30546875 0.62890625 0.2015625 0.30078125
5 0.2125 0.84140625 0.2140625 0.2984375
5 0.66328125 0.2984375 0.09609375 0.1390625
5 0.6921875 0.41953125 0.10078125 0.15625
5 0.1 0.5265625 0.0890625 0.10078125
5 0.12109375 0.33203125 0.0796875 0.1203125
5 0.2453125 0.18515625 0.071875 0.1296875
5 0.8171875 0.321875 0.08203125 0.1109375
5 0.7984375 0.4078125 0.071875 0.11328125
5 0.384375 0.384375 0.09140625 0.1296875
5 0.56875 0.2953125 0.06953125 0.09140625
5 0.56953125 0.39296875 0.0765625 0.11796875
5 0.12734375 0.25234375 0.0625 0.0765625
5 0.25859375 0.4265625 0.06953125 0.103125
5 0.5046875 0.5421875 0.89453125 0.8921875
