0 0.5140625 0.4625 0.79375 0.69921875
0 0.315625 0.2078125 0.378125 0.19375
0 0.30859375 0.30078125 0.3828125 0.11484375
0 0.3453125 0.45546875 0.365625 0.18984375
0 0.59609375 0.58515625 0.1421875 0.35625
0 0.39921875 0.5328125 0.3078125 0.2984375
0 0.7015625 0.56640625 0.165625 0.33046875
0 0.3140625 0.3984375 0.390625 0.128125
0 0.76796875 0.48515625 0.2296875 0.23203125
0 0.85390625 0.62890625 0.1140625 0.175
0 0.534375 0.728125 0.109375 0.134375
0 0.67578125 0.7109375 0.0953125 0.20234375
0 0.78359375 0.66953125 0.0859375 0.24765625
0 0.41640625 0.7015625 0.1359375 0.09375