0 0.4984375 0.48203125 0.996875 0.9640625
0 0.3109375 0.8796875 0.621875 0.165625
0 0.30703125 0.66796875 0.5390625 0.3015625
0 0.15 0.38671875 0.3 0.24453125
0 0.47109375 0.40703125 0.48671875 0.278125
0 0.80234375 0.66015625 0.3890625 0.38671875
0 0.6 0.08671875 0.303125 0.1734375
0 0.17421875 0.19609375 0.3484375 0.21875
0 0.84609375 0.21796875 0.30234375 0.17578125
0 0.8296875 0.896875 0.334375 0.13125
0 0.5 0.22421875 0.36015625 0.16328125
0 0.06015625 0.559375 0.1203125 0.175
0 0.015625 0.7296875 0.03125 0.146875
0 0.80703125 0.48125 0.38046875 0.959375
0 0.41796875 0.60859375 0.3171875 0.18359375
0 0.82578125 0.40546875 0.34296875 0.23359375
0 0.18984375 0.91875 0.3796875 0.084375