0 0.4984375 0.43828125 0.99375 0.87265625
0 0.2671875 0.5328125 0.528125 0.653125
0 0.43359375 0.1640625 0.1171875 0.25703125
0 0.4359375 0.215625 0.409375 0.36484375
0 0.7390625 0.625 0.509375 0.49453125
0 0.63984375 0.728125 0.1203125 0.16328125
0 0.29765625 0.38828125 0.1078125 0.3828125
0 0.20625 0.4171875 0.10625 0.3109375
0 0.1578125 0.68046875 0.15625 0.21953125
0 0.8734375 0.8140625 0.19375 0.11640625
0 0.4515625 0.67890625 0.165625 0.22578125
0 0.43125 0.52890625 0.159375 0.3109375
0 0.10546875 0.78515625 0.1921875 0.14296875
0 0.51953125 0.18828125 0.1609375 0.228125
0 0.88203125 0.6375 0.1578125 0.25078125