0 0.4984375 0.47734375 0.99375 0.9546875
0 0.50625 0.3859375 0.165625 0.29765625
0 0.715625 0.1421875 0.21875 0.275
0 0.3796875 0.67421875 0.1875 0.29296875
0 0.7171875 0.65546875 0.1125 0.259375
0 0.26015625 0.82578125 0.3265625 0.259375
0 0.2421875 0.40625 0.278125 0.15859375
0 0.20078125 0.2625 0.2609375 0.1453125
0 0.475 0.89140625 0.171875 0.12734375
0 0.2109375 0.6703125 0.328125 0.2078125
0 0.42109375 0.26875 0.1984375 0.2234375
0 0.86640625 0.75625 0.1265625 0.2546875
0 0.7625 0.2671875 0.1875 0.3421875