0 0.4984375 0.4765625 0.99375 0.953125
0 0.5109375 0.63984375 0.153125 0.6265625
0 0.14140625 0.65234375 0.1796875 0.6015625
0 0.28046875 0.709375 0.1703125 0.4875
0 0.84140625 0.63515625 0.2140625 0.63515625
0 0.55 0.16328125 0.2 0.3265625
0 0.43203125 0.20546875 0.1796875 0.4109375
0 0.74921875 0.17890625 0.1703125 0.3578125
0 0.2140625 0.2171875 0.153125 0.434375
0 0.3171875 0.271875 0.159375 0.54375
0 0.93046875 0.16875 0.1328125 0.3375
0 0.70234375 0.6703125 0.1796875 0.565625
0 0.0265625 0.6375 0.053125 0.63125
0 0.07109375 0.21796875 0.1421875 0.4359375
0 0.928125 0.6578125 0.1375 0.5859375
0 0.40703125 0.65234375 0.1640625 0.6015625