0 0.58984375 0.4765625 0.8140625 0.953125
0 0.621875 0.1859375 0.25 0.37109375
0 0.7953125 0.42265625 0.340625 0.3890625
0 0.4125 0.2671875 0.278125 0.22578125
0 0.4609375 0.4578125 0.28125 0.2484375
0 0.86640625 0.14765625 0.2609375 0.2953125
0 0.5515625 0.6109375 0.209375 0.321875
0 0.70703125 0.74921875 0.1828125 0.3578125
0 0.2515625 0.271875 0.140625 0.1859375
0 0.8765625 0.759375 0.215625 0.3421875
0 0.1484375 0.72109375 0.275 0.35546875
0 0.29609375 0.46953125 0.2078125 0.24140625
0 0.396875 0.696875 0.2 0.2390625
0 0.9265625 0.6546875 0.14375 0.32421875