0 0.4984375 0.66328125 0.996875 0.58359375
0 0.32890625 0.14765625 0.0734375 0.08515625
0 0.3 0.2453125 0.084375 0.0875
0 0.56328125 0.18203125 0.6140625 0.2078125
0 0.8 0.18125 0.1375 0.20546875
0 0.784375 0.1328125 0.075 0.109375
0 0.4578125 0.24296875 0.053125 0.0515625
0 0.60546875 0.2390625 0.0546875 0.0578125
0 0.75625 0.23828125 0.053125 0.05625
0 0.6578125 0.42734375 0.040625 0.08984375
0 0.16328125 0.821875 0.1171875 0.1859375
0 0.5640625 0.4796875 0.096875 0.11875
0 0.825 0.2046875 0.084375 0.0828125
0 0.82734375 0.43046875 0.0515625 0.09609375
0 0.2359375 0.875 0.1125 0.071875
0 0.37421875 0.84453125 0.0640625 0.15
0 0.2375 0.8734375 0.115625 0.15
0 0.9359375 0.7171875 0.125 0.09609375
0 0.49609375 0.43203125 0.0546875 0.08515625
0 0.7125 0.69375 0.1125 0.09375
0 0.94375 0.46875 0.090625 0.10078125
0 0.4921875 0.8078125 0.053125 0.134375
0 0.5390625 0.48515625 0.040625 0.10703125
0 0.27890625 0.43203125 0.0546875 0.103125
0 0.8140625 0.86796875 0.075 0.0984375
0 0.3125 0.196875 0.109375 0.18359375
0 0.33828125 0.134375 0.0546875 0.05390625
0 0.38359375 0.428125 0.0546875 0.1140625
0 0.590625 0.82109375 0.0625 0.15625
0 0.33359375 0.4328125 0.0546875 0.10546875
0 0.6578125 0.54609375 0.065625 0.103125
0 0.4375 0.4296875 0.059375 0.09375
0 0.825 0.2546875 0.08125 0.05390625
0 0.775 0.428125 0.059375 0.09609375
0 0.74453125 0.7078125 0.0859375 0.11875
0 0.86328125 0.56015625 0.0703125 0.09140625
0 0.72421875 0.4421875 0.0703125 0.109375
0 0.49921875 0.51484375 0.9953125 0.28203125