0 0.4984375 0.48125 0.996875 0.9625
0 0.58359375 0.9 0.38359375 0.12578125
0 0.65390625 0.3890625 0.375 0.3
0 0.3703125 0.68125 0.4234375 0.29296875
0 0.94921875 0.86171875 0.10078125 0.2015625
0 0.23359375 0.83125 0.4671875 0.259375
0 0.17265625 0.03828125 0.33984375 0.07578125
0 0.91171875 0.56875 0.1703125 0.38125
0 0.1859375 0.409375 0.371875 0.159375
0 0.20625 0.14140625 0.41171875 0.14609375
0 0.4890625 0.11640625 0.975 0.2328125
0 0.4625 0.26875 0.45234375 0.221875
0 0.684375 0.5609375 0.38359375 0.25546875
0 0.17734375 0.675 0.3546875 0.20546875