0 0.55703125 0.38984375 0.4484375 0.71171875
0 0.9109375 0.62265625 0.175 0.3671875
0 0.4140625 0.84609375 0.4 0.21875
0 0.2640625 0.571875 0.375 0.3109375
0 0.4984375 0.47890625 0.99375 0.95234375
0 0.70390625 0.4671875 0.3171875 0.81328125
0 0.31875 0.50703125 0.265625 0.18046875
0 0.803125 0.83125 0.228125 0.24765625
0 0.16640625 0.775 0.1171875 0.1890625
0 0.94921875 0.75 0.0984375 0.25234375
0 0.23125 0.68125 0.4625 0.53359375
0 0.0421875 0.50546875 0.084375 0.33125
0 0.08984375 0.8703125 0.1796875 0.16875
0 0.075 0.73046875 0.15 0.26328125
0 0.3921875 0.71484375 0.209375 0.16015625
0 0.940625 0.89453125 0.115625 0.121875