0 0.3859375 0.4796875 0.77109375 0.959375
0 0.32890625 0.16640625 0.2265625 0.31484375
0 0.4828125 0.18125 0.23046875 0.3515625
0 0.25390625 0.453125 0.2578125 0.3609375
0 0.38359375 0.81953125 0.23671875 0.26875
0 0.13046875 0.2890625 0.2609375 0.2
0 0.16171875 0.68671875 0.25390625 0.36328125
0 0.62421875 0.19453125 0.1671875 0.26640625
0 0.46640625 0.39140625 0.240625 0.26484375
0 0.36171875 0.61015625 0.23828125 0.29453125
0 0.5984375 0.4359375 0.25390625 0.28671875
0 0.215625 0.8890625 0.1734375 0.1484375
0 0.2765625 0.11015625 0.2078125 0.2203125
0 0.4578125 0.06796875 0.1578125 0.13515625
0 0.07421875 0.09609375 0.1484375 0.1921875