0 0.4984375 0.48046875 0.99140625 0.9609375
0 0.496875 0.43359375 0.21015625 0.21875
0 0.6703125 0.46875 0.15859375 0.18515625
0 0.6515625 0.803125 0.15 0.15390625
0 0.596875 0.06875 0.26484375 0.11875
0 0.3515625 0.65625 0.334375 0.18671875
0 0.4765625 0.1515625 0.30234375 0.1296875
0 0.45703125 0.02109375 0.2796875 0.0421875
0 0.32421875 0.05859375 0.3484375 0.11640625
0 0.74375 0.68984375 0.1671875 0.1984375
0 0.58671875 0.6859375 0.153125 0.1984375
0 0.465625 0.825 0.2390625 0.128125
0 0.73359375 0.165625 0.21640625 0.21328125
0 0.3359375 0.32890625 0.2734375 0.18671875
0 0.3109375 0.709375 0.3109375 0.13359375
0 0.35703125 0.496875 0.29375 0.13515625