0 0.49765625 0.48203125 0.9921875 0.9640625
0 0.478125 0.7 0.478125 0.11875
0 0.75390625 0.865625 0.30859375 0.190625
0 0.56953125 0.85 0.440625 0.18515625
0 0.5015625 0.76796875 0.47265625 0.11328125
0 0.54921875 0.40859375 0.58515625 0.37578125
0 0.51171875 0.61015625 0.521875 0.21640625
0 0.534375 0.7296875 0.72890625 0.459375
0 0.10078125 0.6796875 0.2015625 0.2515625
0 0.80234375 0.16328125 0.3890625 0.221875
0 0.39609375 0.1484375 0.440625 0.23671875
0 0.49140625 0.146875 0.21640625 0.0796875