0 0.4984375 0.47890625 0.990625 0.953125
0 0.72265625 0.26953125 0.5015625 0.5078125
0 0.175 0.2015625 0.346875 0.40234375
0 0.83046875 0.8296875 0.3328125 0.25078125
0 0.5421875 0.6859375 0.365625 0.18984375
0 0.85546875 0.1546875 0.2828125 0.30859375
0 0.9609375 0.52421875 0.071875 0.31953125
0 0.53828125 0.59296875 0.3671875 0.20546875
0 0.15078125 0.8140625 0.2984375 0.27734375
0 0.1359375 0.16796875 0.209375 0.103125
0 0.46171875 0.575 0.6453125 0.725
0 0.82421875 0.43984375 0.2859375 0.16796875
0 0.45390625 0.0875 0.2765625 0.17421875
0 0.53828125 0.84921875 0.3578125 0.1859375
0 0.42890625 0.06953125 0.2171875 0.08984375
0 0.60078125 0.7328125 0.3703125 0.16796875
0 0.4359375 0.459375 0.4375 0.45390625