0 0.496875 0.47421875 0.990625 0.94375
0 0.665625 0.6453125 0.45625 0.60234375
0 0.23046875 0.471875 0.4578125 0.9390625
0 0.7859375 0.64921875 0.21875 0.32890625
0 0.84765625 0.23203125 0.2296875 0.39765625
0 0.6328125 0.58046875 0.075 0.32890625
0 0.559375 0.6609375 0.228125 0.5609375
0 0.5234375 0.23828125 0.053125 0.26796875
0 0.5703125 0.23203125 0.2625 0.3828125
0 0.528125 0.52578125 0.178125 0.30078125
0 0.92734375 0.22421875 0.0703125 0.23984375
0 0.83515625 0.23984375 0.0703125 0.27578125