0 0.56484375 0.47734375 0.8609375 0.9546875
0 0.69765625 0.284375 0.3921875 0.24140625
0 0.79296875 0.09921875 0.4046875 0.1984375
0 0.6296875 0.8234375 0.353125 0.2640625
0 0.83828125 0.71171875 0.3109375 0.2375
0 0.6203125 0.575 0.325 0.2375
0 0.9109375 0.2765625 0.171875 0.29296875
0 0.73515625 0.465625 0.3046875 0.24140625
0 0.346875 0.8546875 0.315625 0.2015625
0 0.4765625 0.39609375 0.321875 0.20546875
0 0.44921875 0.0953125 0.3046875 0.18984375
0 0.90859375 0.51640625 0.1765625 0.2375
0 0.3421875 0.54921875 0.325 0.19453125
0 0.3015625 0.31953125 0.246875 0.14296875
0 0.58203125 0.0390625 0.1953125 0.078125
0 0.4609375 0.68984375 0.3625 0.22578125
0 0.23125 0.740625 0.196875 0.1703125