0 0.31171875 0.5265625 0.5515625 0.84765625
0 0.2515625 0.3453125 0.415625 0.48125
0 0.2421875 0.38828125 0.075 0.2078125
0 0.3859375 0.3609375 0.146875 0.22578125
0 0.2125 0.51328125 0.1125 0.140625
0 0.30390625 0.3296875 0.0703125 0.25703125
0 0.61796875 0.4796875 0.3828125 0.9375
0 0.296875 0.79296875 0.0625 0.171875
0 0.4140625 0.571875 0.096875 0.19453125
0 0.1515625 0.365625 0.103125 0.2078125
0 0.2359375 0.2453125 0.065625 0.22578125
0 0.3546875 0.31328125 0.0875 0.26875
0 0.496875 0.47890625 0.98125 0.9578125