0 0.49921875 0.47734375 0.9984375 0.9546875
0 0.93046875 0.44375 0.1359375 0.36484375
0 0.30859375 0.11171875 0.1734375 0.2234375
0 0.8796875 0.253125 0.153125 0.45625
0 0.0828125 0.771875 0.1375 0.290625
0 0.2046875 0.65625 0.134375 0.29296875
0 0.41171875 0.19140625 0.2078125 0.18984375
0 0.3625 0.38828125 0.1625 0.315625
0 0.76328125 0.70703125 0.4015625 0.3265625
0 0.25625 0.85703125 0.21875 0.1921875
0 0.20078125 0.2984375 0.1203125 0.253125
0 0.8484375 0.73125 0.23125 0.28203125
0 0.771875 0.47890625 0.234375 0.3625
0 0.48671875 0.071875 0.2234375 0.14296875
0 0.0859375 0.334375 0.171875 0.29296875
0 0.10078125 0.1109375 0.2015625 0.22109375
0 0.9828125 0.2078125 0.03125 0.37109375
0 0.78125 0.48515625 0.434375 0.9265625
0 0.20703125 0.07578125 0.1171875 0.1515625
0 0.31328125 0.68828125 0.1859375 0.2171875
0 0.71796875 0.86328125 0.2703125 0.18359375
0 0.70703125 0.7203125 0.2453125 0.2640625