0 0.4984375 0.47421875 0.9875 0.93828125
0 0.58828125 0.6859375 0.5890625 0.51484375
0 0.22265625 0.50234375 0.3109375 0.58203125
0 0.34921875 0.08828125 0.3984375 0.1765625
0 0.3375 0.6609375 0.31875 0.565625
0 0.5265625 0.2625 0.215625 0.36484375
0 0.83203125 0.30859375 0.2109375 0.53046875
0 0.6546875 0.2921875 0.20625 0.45546875
0 0.14609375 0.121875 0.2921875 0.24375
0 0.67890625 0.3234375 0.5171875 0.54921875
0 0.46328125 0.8515625 0.3453125 0.190625
0 0.74375 0.31796875 0.2 0.528125
0 0.89375 0.1859375 0.20625 0.371875
0 0.91953125 0.71171875 0.1546875 0.4640625
0 0.1078125 0.365625 0.215625 0.378125