0 0.4921875 0.47109375 0.91875 0.75390625
0 0.2359375 0.30546875 0.325 0.22109375
0 0.7703125 0.22265625 0.3625 0.25703125
0 0.1609375 0.26953125 0.25625 0.1765625
0 0.60546875 0.46953125 0.1578125 0.3671875
0 0.475 0.52421875 0.13125 0.41796875
0 0.2171875 0.53046875 0.178125 0.28203125
0 0.75546875 0.33984375 0.3734375 0.30390625
0 0.5640625 0.66640625 0.115625 0.3671875
0 0.70234375 0.459375 0.2640625 0.39140625
0 0.3234375 0.50546875 0.240625 0.3890625
0 0.30859375 0.671875 0.1421875 0.23046875
0 0.4171875 0.6734375 0.115625 0.33125
0 0.67265625 0.6546875 0.1078125 0.275
0 0.61640625 0.33984375 0.5203125 0.43828125