0 0.49609375 0.59609375 0.7703125 0.6109375
0 0.58671875 0.7046875 0.1359375 0.15390625
0 0.5578125 0.415625 0.13828125 0.228125
0 0.659375 0.38359375 0.1234375 0.11875
0 0.49140625 0.52890625 0.16796875 0.14609375
0 0.76796875 0.46875 0.14296875 0.1703125
0 0.44296875 0.39609375 0.15546875 0.2109375
0 0.63984375 0.4859375 0.16328125 0.18671875
0 0.3296875 0.428125 0.2046875 0.240625
0 0.68359375 0.69609375 0.0984375 0.1296875
0 0.253125 0.76796875 0.234375 0.090625
0 0.2453125 0.50859375 0.165625 0.17578125
0 0.4 0.5640625 0.1828125 0.1390625
0 0.66171875 0.796875 0.19296875 0.08671875
0 0.26796875 0.715625 0.18984375 0.12421875
0 0.67265625 0.59921875 0.2984375 0.14296875
0 0.41484375 0.66875 0.19765625 0.14453125