0 0.49296875 0.48046875 0.9859375 0.9609375
0 0.2640625 0.515625 0.52734375 0.43515625
0 0.5046875 0.57421875 0.67421875 0.3515625
0 0.58046875 0.30859375 0.47578125 0.34609375
0 0.28671875 0.26875 0.515625 0.53671875
0 0.06484375 0.134375 0.1296875 0.26875
0 0.0375 0.33984375 0.075 0.44296875
0 0.57890625 0.134375 0.3171875 0.26875
0 0.21328125 0.11953125 0.27109375 0.2390625
0 0.76953125 0.8109375 0.36875 0.29296875
0 0.23515625 0.8453125 0.296875 0.23125
0 0.88203125 0.90078125 0.23046875 0.1203125
0 0.56953125 0.76875 0.446875 0.38515625