0 0.525 0.459375 0.6625 0.6015625
0 0.54375 0.29609375 0.09375 0.275
0 0.49921875 0.41953125 0.1078125 0.19453125
0 0.34765625 0.328125 0.1453125 0.22578125
0 0.6 0.44296875 0.096875 0.21015625
0 0.79296875 0.365625 0.1234375 0.171875
0 0.5546875 0.61640625 0.1375 0.20390625
0 0.73828125 0.3546875 0.2328125 0.19453125
0 0.6859375 0.43203125 0.096875 0.18359375
0 0.6578125 0.62109375 0.1 0.171875
0 0.38203125 0.65546875 0.1140625 0.15234375
0 0.3109375 0.60078125 0.13125 0.13203125
0 0.46484375 0.68203125 0.0859375 0.15625
0 0.45625 0.53359375 0.10625 0.15