0 0.49921875 0.4796875 0.9921875 0.9546875
0 0.35390625 0.40859375 0.3546875 0.209375
0 0.596875 0.45859375 0.43125 0.42578125
0 0.33828125 0.5859375 0.3921875 0.20234375
0 0.8703125 0.2890625 0.253125 0.578125
0 0.21484375 0.6625 0.4296875 0.5859375
0 0.5984375 0.55859375 0.290625 0.36484375
0 0.078125 0.5484375 0.15625 0.3578125
0 0.475 0.80859375 0.41875 0.29296875
0 0.62421875 0.7859375 0.3484375 0.33359375
0 0.81953125 0.475 0.3546875 0.95
0 0.79140625 0.790625 0.1515625 0.32421875
0 0.0265625 0.81953125 0.053125 0.2703125