0 0.4984375 0.47890625 0.99375 0.9578125
0 0.7265625 0.828125 0.115625 0.25078125
0 0.44765625 0.8828125 0.1609375 0.1453125
0 0.7796875 0.3359375 0.16875 0.1609375
0 0.28125 0.81328125 0.209375 0.2171875
0 0.46953125 0.6609375 0.1703125 0.16796875
0 0.784375 0.48515625 0.215625 0.165625
0 0.475 0.5203125 0.196875 0.15859375
0 0.8890625 0.8234375 0.215625 0.2640625
0 0.64296875 0.6453125 0.1953125 0.18125
0 0.84609375 0.6296875 0.2140625 0.19921875
0 0.45625 0.31796875 0.146875 0.1296875
0 0.65 0.23046875 0.171875 0.12109375
0 0.93203125 0.13203125 0.1296875 0.18359375
0 0.3078125 0.61484375 0.1625 0.17890625
0 0.190625 0.4296875 0.15625 0.15625
0 0.81328125 0.09609375 0.1765625 0.134375
0 0.11640625 0.80859375 0.1234375 0.19453125
0 0.2109375 0.33359375 0.140625 0.11171875
0 0.3328125 0.2453125 0.146875 0.12734375
0 0.028125 0.8078125 0.05625 0.17421875
0 0.63828125 0.34453125 0.1203125 0.15625
0 0.275 0.18125 0.146875 0.134375
0 0.115625 0.5953125 0.228125 0.21953125
0 0.6296875 0.49296875 0.1125 0.16796875
0 0.06796875 0.0671875 0.1359375 0.134375
0 0.45234375 0.79296875 0.1703125 0.13671875
0 0.31875 0.4609375 0.146875 0.1921875