0 0.4984375 0.48203125 0.996875 0.9640625
0 0.6859375 0.88046875 0.62265625 0.16484375
0 0.69140625 0.66875 0.54140625 0.3
0 0.52890625 0.39921875 0.48125 0.25703125
0 0.84296875 0.3859375 0.30859375 0.24296875
0 0.19296875 0.48125 0.3859375 0.959375
0 0.57890625 0.60859375 0.3171875 0.18359375
0 0.125 0.8890625 0.25 0.115625
0 0.93515625 0.56015625 0.12421875 0.16875
0 0.3953125 0.08671875 0.309375 0.1734375
0 0.49453125 0.225 0.36015625 0.16484375
0 0.19453125 0.6609375 0.3890625 0.3890625
0 0.9796875 0.73203125 0.034375 0.13515625
0 0.1515625 0.21484375 0.30234375 0.1703125
0 0.82109375 0.19609375 0.34609375 0.21875