0 0.43203125 0.47734375 0.8640625 0.9546875
0 0.20390625 0.10078125 0.4046875 0.2015625
0 0.36796875 0.821875 0.3515625 0.26640625
0 0.3 0.28515625 0.390625 0.2390625
0 0.08671875 0.27421875 0.1734375 0.29296875
0 0.6515625 0.85546875 0.315625 0.19921875
0 0.26328125 0.465625 0.3078125 0.24140625
0 0.5234375 0.39609375 0.315625 0.20546875
0 0.1578125 0.71015625 0.3125 0.22578125
0 0.55625 0.0953125 0.2875 0.18984375
0 0.08828125 0.51640625 0.1765625 0.24140625
0 0.3828125 0.57578125 0.315625 0.23515625
0 0.696875 0.31796875 0.246875 0.1390625
0 0.6515625 0.5484375 0.33125 0.1921875
0 0.5328125 0.6890625 0.371875 0.2328125