0 0.46484375 0.54921875 0.7453125 0.69140625
0 0.32265625 0.47109375 0.1953125 0.3375
0 0.640625 0.5125 0.184375 0.41640625
0 0.634375 0.7484375 0.203125 0.29296875
0 0.50546875 0.46875 0.1265625 0.3734375
0 0.23984375 0.56171875 0.2953125 0.31796875
0 0.71640625 0.43203125 0.0890625 0.3265625
0 0.25703125 0.6703125 0.2578125 0.22109375
0 0.76953125 0.6328125 0.1328125 0.4203125
0 0.58125 0.44375 0.159375 0.48125
0 0.44921875 0.5109375 0.0546875 0.12265625
0 0.753125 0.5046875 0.075 0.19453125
0 0.684375 0.65859375 0.303125 0.471875