0 0.5 0.47890625 0.9875 0.93984375
0 0.86796875 0.48359375 0.1265625 0.37578125
0 0.5984375 0.61875 0.190625 0.36875
0 0.59375 0.184375 0.140625 0.30625
0 0.7578125 0.4515625 0.128125 0.4609375
0 0.57578125 0.8 0.2015625 0.2703125
0 0.49140625 0.2125 0.1953125 0.27265625
0 0.35078125 0.859375 0.1453125 0.1921875
0 0.3046875 0.61484375 0.096875 0.3265625
0 0.078125 0.7625 0.15625 0.3
0 0.9171875 0.80078125 0.159375 0.2640625
0 0.5109375 0.24140625 0.328125 0.41640625
0 0.67890625 0.515625 0.2046875 0.3734375
0 0.73671875 0.58203125 0.5046875 0.70703125
0 0.21953125 0.64453125 0.1046875 0.2640625