0 0.4015625 0.45703125 0.43125 0.428125
0 0.4984375 0.47890625 0.990625 0.95234375
0 0.6453125 0.4078125 0.353125 0.20703125
0 0.66015625 0.58671875 0.3921875 0.2046875
0 0.78359375 0.6625 0.4265625 0.5859375
0 0.91953125 0.5484375 0.1546875 0.3578125
0 0.1265625 0.2890625 0.253125 0.57421875
0 0.53828125 0.52109375 0.5703125 0.4390625
0 0.5234375 0.8078125 0.421875 0.2953125
0 0.3734375 0.7859375 0.346875 0.33359375
0 0.178125 0.475 0.353125 0.95
0 0.20546875 0.79140625 0.1515625 0.321875
0 0.08203125 0.82421875 0.1515625 0.25703125
0 0.9703125 0.8171875 0.053125 0.275
0 0.3984375 0.56171875 0.2875 0.3578125
0 0.0828125 0.18671875 0.165625 0.3734375