0 0.79765625 0.5859375 0.3984375 0.621875
0 0.40859375 0.66875 0.3921875 0.57265625
0 0.49921875 0.47890625 0.9921875 0.93515625
0 0.69453125 0.34765625 0.4046875 0.45859375
0 0.553125 0.18125 0.353125 0.3578125
0 0.225 0.49140625 0.446875 0.565625
0 0.9109375 0.43515625 0.171875 0.31953125
0 0.7015625 0.60078125 0.125 0.440625
0 0.80546875 0.21796875 0.1796875 0.19921875
0 0.44140625 0.18359375 0.1265625 0.34453125
0 0.17734375 0.184375 0.3546875 0.2484375
0 0.5046875 0.5484375 0.190625 0.39375
0 0.09453125 0.08203125 0.1890625 0.16328125
0 0.0796875 0.52109375 0.121875 0.3890625