0 0.4984375 0.47421875 0.96875 0.90234375
0 0.4796875 0.31484375 0.309375 0.1453125
0 0.52265625 0.17578125 0.2546875 0.2203125
0 0.50703125 0.4765625 0.2546875 0.1953125
0 0.16953125 0.4125 0.2703125 0.12734375
0 0.83203125 0.51015625 0.2296875 0.15
0 0.82578125 0.36171875 0.2265625 0.15625
0 0.19765625 0.53984375 0.2671875 0.140625
0 0.18515625 0.3015625 0.2546875 0.15859375
0 0.80859375 0.4578125 0.3421875 0.86171875
0 0.55390625 0.11875 0.2109375 0.18828125
0 0.228125 0.22890625 0.196875 0.20859375
0 0.53984375 0.62578125 0.2203125 0.290625
0 0.2265625 0.6640625 0.240625 0.18125
0 0.8296875 0.2515625 0.2375 0.21328125
0 0.1953125 0.49296875 0.359375 0.79140625