0 0.57890625 0.4796875 0.8359375 0.95078125
0 0.5375 0.3890625 0.140625 0.18828125
0 0.44453125 0.81171875 0.1078125 0.21953125
0 0.3703125 0.3296875 0.159375 0.29296875
0 0.471875 0.2828125 0.109375 0.284375
0 0.35546875 0.5640625 0.1296875 0.21953125
0 0.56875 0.609375 0.128125 0.253125
0 0.35234375 0.8703125 0.0984375 0.165625
0 0.8953125 0.65625 0.190625 0.39609375
0 0.24921875 0.55703125 0.1828125 0.2234375
0 0.678125 0.33671875 0.178125 0.1765625
0 0.8625 0.8515625 0.26875 0.2078125
0 0.89453125 0.2234375 0.0953125 0.2015625
0 0.5265625 0.83984375 0.146875 0.15859375
0 0.45078125 0.53671875 0.0890625 0.196875
0 0.6125 0.46640625 0.165625 0.13671875