0 0.50078125 0.48125 0.9921875 0.9625
0 0.73359375 0.515625 0.52734375 0.43515625
0 0.70625 0.2640625 0.50703125 0.528125
0 0.49140625 0.575 0.67109375 0.35
0 0.95859375 0.34296875 0.078125 0.4484375
0 0.41640625 0.30703125 0.48125 0.34453125
0 0.78125 0.11484375 0.26484375 0.2296875
0 0.93203125 0.134375 0.1296875 0.26875
0 0.9671875 0.79296875 0.06015625 0.31875
0 0.23515625 0.8109375 0.3890625 0.29296875
0 0.35 0.9109375 0.2453125 0.10390625
0 0.41015625 0.13203125 0.3140625 0.2640625
0 0.7625 0.84609375 0.296875 0.2296875
0 0.11640625 0.90078125 0.2328125 0.1203125
0 0.25625 0.4515625 0.32890625 0.240625
0 0.4265625 0.76875 0.44921875 0.38515625