0 0.50546875 0.5390625 0.7859375 0.53671875
0 0.3828125 0.40078125 0.271875 0.259375
0 0.690625 0.7015625 0.11875 0.12734375
0 0.36484375 0.6328125 0.2421875 0.3359375
0 0.81171875 0.6140625 0.0703125 0.19453125
0 0.4046875 0.378125 0.05625 0.17890625
0 0.41015625 0.71171875 0.1015625 0.1703125
0 0.76484375 0.58984375 0.2640625 0.35546875
0 0.56171875 0.39453125 0.0484375 0.171875
0 0.8578125 0.60390625 0.078125 0.2015625
0 0.34765625 0.69765625 0.0703125 0.18359375
0 0.5859375 0.71484375 0.078125 0.1859375
0 0.6 0.36875 0.046875 0.1921875
0 0.27890625 0.696875 0.0703125 0.16796875
0 0.64453125 0.38671875 0.2171875 0.228125
0 0.51328125 0.709375 0.0703125 0.196875
0 0.203125 0.54140625 0.0625 0.14765625
0 0.740625 0.640625 0.09375 0.18125