0 0.49140625 0.45078125 0.6078125 0.74765625
0 0.59296875 0.49453125 0.1359375 0.61484375
0 0.8046875 0.71953125 0.109375 0.42578125
0 0.92734375 0.76953125 0.1390625 0.3671875
0 0.4984375 0.67578125 0.996875 0.55390625
0 0.3640625 0.434375 0.353125 0.53125
0 0.13984375 0.7734375 0.1578125 0.3578125
0 0.71796875 0.52890625 0.1546875 0.4546875
0 0.484375 0.50078125 0.209375 0.64609375
0 0.27734375 0.8078125 0.1515625 0.290625
0 0.0484375 0.73515625 0.096875 0.434375
0 0.6296875 0.884375 0.1875 0.1421875
0 0.10078125 0.5078125 0.2015625 0.2046875
0 0.865625 0.81328125 0.1125 0.27890625