0 0.49921875 0.44296875 0.9890625 0.86796875
0 0.73046875 0.528125 0.5265625 0.6578125
0 0.56484375 0.52890625 0.1578125 0.30625
0 0.790625 0.4171875 0.10625 0.315625
0 0.5625 0.1640625 0.115625 0.25703125
0 0.69921875 0.38515625 0.1078125 0.37578125
0 0.5453125 0.678125 0.165625 0.228125
0 0.83984375 0.68046875 0.1546875 0.2234375
0 0.35703125 0.72734375 0.1203125 0.165625
0 0.478125 0.18671875 0.1625 0.23046875
0 0.1234375 0.8140625 0.190625 0.11640625
0 0.11484375 0.63671875 0.1546875 0.2484375
0 0.8921875 0.78515625 0.19375 0.14296875
0 0.3203125 0.51875 0.08125 0.27734375
0 0.63359375 0.44296875 0.1703125 0.31796875