0 0.4984375 0.47734375 0.990625 0.95078125
0 0.23828125 0.4515625 0.1296875 0.4609375
0 0.12890625 0.48359375 0.1265625 0.37578125
0 0.40234375 0.18671875 0.1390625 0.30625
0 0.646875 0.859375 0.14375 0.1921875
0 0.39921875 0.61875 0.1890625 0.378125
0 0.91953125 0.7640625 0.1546875 0.29765625
0 0.3171875 0.51796875 0.203125 0.3734375
0 0.259375 0.58359375 0.5125 0.715625
0 0.40546875 0.2484375 0.4921875 0.43828125
0 0.421875 0.8 0.196875 0.2703125
0 0.50625 0.21328125 0.19375 0.2703125
0 0.08046875 0.80234375 0.1609375 0.26640625
0 0.6921875 0.61640625 0.096875 0.32890625