0 0.49921875 0.53125 0.9921875 0.84765625
0 0.3921875 0.36796875 0.140625 0.45
0 0.209375 0.275 0.240625 0.2640625
0 0.45390625 0.6265625 0.1671875 0.33984375
0 0.15703125 0.82421875 0.3140625 0.26171875
0 0.82109375 0.52109375 0.1203125 0.3265625
0 0.71796875 0.3984375 0.1328125 0.290625
0 0.26953125 0.63125 0.2109375 0.45625
0 0.428125 0.109375 0.509375 0.21875
0 0.82109375 0.45859375 0.3390625 0.44296875
0 0.52890625 0.8265625 0.2296875 0.25703125
0 0.5109375 0.4453125 0.14375 0.31328125
0 0.80625 0.6890625 0.159375 0.1921875
0 0.89453125 0.43046875 0.1078125 0.38671875
0 0.58359375 0.640625 0.2109375 0.3109375
0 0.2125 0.45 0.2625 0.259375
0 0.5296875 0.3703125 0.2 0.45390625