0 0.4984375 0.47890625 0.99375 0.9578125
0 0.63515625 0.67109375 0.2421875 0.27265625
0 0.8578125 0.76484375 0.14375 0.12109375
0 0.13203125 0.74375 0.2640625 0.36015625
0 0.7859375 0.4515625 0.1875 0.24609375
0 0.84140625 0.82890625 0.1796875 0.2484375
0 0.2203125 0.40078125 0.06875 0.134375
0 0.23046875 0.4375 0.2046875 0.2171875
0 0.89609375 0.61953125 0.2015625 0.3625
0 0.44765625 0.24375 0.1515625 0.15234375
0 0.7015625 0.803125 0.046875 0.14296875
0 0.4203125 0.3140625 0.246875 0.30234375
0 0.33984375 0.15625 0.1890625 0.1921875
0 0.38671875 0.87109375 0.2703125 0.16796875
0 0.53828125 0.44609375 0.3734375 0.48984375