0 0.5078125 0.49453125 0.34375 0.8421875
0 0.49921875 0.47421875 0.9890625 0.94375
0 0.83671875 0.4046875 0.3203125 0.50390625
0 0.75390625 0.125 0.2734375 0.24921875
0 0.19375 0.55859375 0.315625 0.73046875
0 0.21796875 0.1234375 0.4171875 0.246875
0 0.5515625 0.49140625 0.090625 0.74296875
0 0.6265625 0.0609375 0.309375 0.121875
0 0.20859375 0.540625 0.1015625 0.5265625
0 0.90390625 0.68671875 0.1859375 0.52421875
0 0.28984375 0.57734375 0.0921875 0.55
0 0.43828125 0.4109375 0.2078125 0.6640625
0 0.6265625 0.5390625 0.103125 0.75859375