0 0.49765625 0.4796875 0.9859375 0.94609375
0 0.7015625 0.2765625 0.459375 0.4359375
0 0.47265625 0.5 0.5421875 0.503125
0 0.85546875 0.7875 0.2828125 0.3359375
0 0.15859375 0.23828125 0.1984375 0.10546875
0 0.83125 0.1453125 0.33125 0.290625
0 0.58984375 0.80546875 0.3109375 0.15234375
0 0.24765625 0.80390625 0.2765625 0.29765625
0 0.5765625 0.6484375 0.325 0.1921875
0 0.4125 0.1265625 0.203125 0.078125
0 0.15390625 0.334375 0.1921875 0.09140625
0 0.5703125 0.57265625 0.315625 0.21484375
0 0.1734375 0.2390625 0.34375 0.425
0 0.94921875 0.4453125 0.0953125 0.3578125
0 0.42734375 0.059375 0.2109375 0.0734375
0 0.37265625 0.11171875 0.3703125 0.2234375
0 0.23984375 0.74375 0.4765625 0.41796875