0 0.61015625 0.4859375 0.6390625 0.9140625
0 0.61875 0.40703125 0.140625 0.2125
0 0.37578125 0.33828125 0.1453125 0.24609375
0 0.48359375 0.3546875 0.1390625 0.2546875
0 0.54296875 0.2359375 0.1046875 0.3328125
0 0.453125 0.21484375 0.096875 0.19375
0 0.74765625 0.21171875 0.1421875 0.36015625
0 0.5609375 0.6796875 0.109375 0.19765625
0 0.6421875 0.21015625 0.125 0.35390625
0 0.46171875 0.5125 0.2453125 0.1453125
0 0.69765625 0.60234375 0.1671875 0.20234375
0 0.47734375 0.66171875 0.0921875 0.1703125
0 0.8453125 0.684375 0.153125 0.1515625
0 0.81796875 0.328125 0.1390625 0.25703125
0 0.50625 0.8140625 0.146875 0.12421875
0 0.61953125 0.80859375 0.0828125 0.2484375
0 0.37109375 0.53671875 0.1640625 0.1765625
0 0.70546875 0.7296875 0.1390625 0.16171875
0 0.70078125 0.4515625 0.1515625 0.20390625
0 0.815625 0.50859375 0.1375 0.23359375