0 0.4984375 0.48046875 0.99375 0.95234375
0 0.53515625 0.51796875 0.3890625 0.28828125
0 0.253125 0.1578125 0.503125 0.315625
0 0.88515625 0.57890625 0.2234375 0.44140625
0 0.7796875 0.65390625 0.434375 0.596875
0 0.51171875 0.6578125 0.3984375 0.24765625
0 0.43125 0.471875 0.35625 0.30859375
0 0.4796875 0.8390625 0.25625 0.23203125
0 0.165625 0.3625 0.3125 0.2390625
0 0.41328125 0.17265625 0.1828125 0.290625
0 0.45546875 0.62421875 0.5609375 0.6484375
0 0.26953125 0.1609375 0.2828125 0.240625
0 0.6796875 0.76015625 0.2375 0.3578125