0 0.3890625 0.4828125 0.6375 0.915625
0 0.45390625 0.2359375 0.1046875 0.3328125
0 0.25078125 0.2125 0.1421875 0.36171875
0 0.3796875 0.40625 0.140625 0.21015625
0 0.3546875 0.209375 0.125 0.35546875
0 0.5140625 0.35390625 0.1375 0.25234375
0 0.54375 0.2140625 0.096875 0.19609375
0 0.6234375 0.33828125 0.140625 0.24609375
0 0.18046875 0.3296875 0.1421875 0.25859375
0 0.53671875 0.5125 0.2453125 0.1453125
0 0.4375 0.6796875 0.109375 0.19765625
0 0.52109375 0.66171875 0.0890625 0.16640625
0 0.30078125 0.60234375 0.1671875 0.20625
0 0.1515625 0.6859375 0.153125 0.1515625
0 0.49140625 0.8140625 0.1484375 0.1203125
0 0.2953125 0.7296875 0.14375 0.16171875
0 0.18203125 0.50625 0.1359375 0.2296875
0 0.625 0.53828125 0.165625 0.17890625
0 0.296875 0.45078125 0.15 0.19765625
0 0.37890625 0.81015625 0.0828125 0.2484375
0 0.175 0.6296875 0.15625 0.20625