0 0.48515625 0.46171875 0.7953125 0.696875
0 0.68203125 0.20546875 0.3765625 0.18984375
0 0.68984375 0.29921875 0.3828125 0.11328125
0 0.23046875 0.48515625 0.2359375 0.23203125
0 0.40078125 0.584375 0.1421875 0.35390625
0 0.684375 0.39765625 0.3875 0.1296875
0 0.29609375 0.56640625 0.1640625 0.3265625
0 0.5984375 0.534375 0.309375 0.29609375
0 0.653125 0.45390625 0.365625 0.1921875
0 0.5203125 0.5578125 0.221875 0.3046875
0 0.3234375 0.71015625 0.09375 0.2046875
0 0.4640625 0.728125 0.109375 0.134375
0 0.14296875 0.62578125 0.1109375 0.17734375
0 0.21484375 0.6609375 0.0859375 0.2640625