0 0.27421875 0.26953125 0.4984375 0.5078125
0 0.4984375 0.47890625 0.990625 0.953125
0 0.1671875 0.8296875 0.334375 0.25078125
0 0.14140625 0.1546875 0.2828125 0.30859375
0 0.459375 0.5953125 0.36875 0.21015625
0 0.45859375 0.6859375 0.3703125 0.18984375
0 0.88203125 0.73125 0.2296875 0.3671875
0 0.4578125 0.84921875 0.353125 0.1859375
0 0.54453125 0.0875 0.2765625 0.17421875
0 0.03671875 0.52578125 0.0734375 0.31796875
0 0.39765625 0.73359375 0.3703125 0.1703125
0 0.84609375 0.8140625 0.3015625 0.27734375
0 0.86171875 0.16875 0.2109375 0.10546875
0 0.8234375 0.2015625 0.34375 0.40234375
0 0.79609375 0.7328125 0.4015625 0.4453125
0 0.17421875 0.43984375 0.2859375 0.16796875
0 0.56875 0.06953125 0.21875 0.09375
0 0.53515625 0.575 0.6421875 0.725
0 0.50625 0.5203125 0.328125 0.32421875
0 0.5390625 0.02109375 0.246875 0.0421875