0 0.4984375 0.4765625 0.99375 0.953125
0 0.85546875 0.65078125 0.1796875 0.60390625
0 0.48671875 0.634375 0.1546875 0.6375
0 0.71796875 0.709375 0.1703125 0.4875
0 0.2484375 0.17890625 0.16875 0.3578125
0 0.15546875 0.63515625 0.2140625 0.63515625
0 0.784375 0.21796875 0.153125 0.4359375
0 0.44765625 0.1703125 0.2046875 0.33984375
0 0.9703125 0.6375 0.053125 0.63125
0 0.6796875 0.271875 0.159375 0.54375
0 0.56640625 0.20546875 0.1796875 0.4109375
0 0.9265625 0.2171875 0.140625 0.434375
0 0.0671875 0.16875 0.134375 0.3375
0 0.29296875 0.6703125 0.1765625 0.565625