0 0.534375 0.471875 0.61875 0.6578125
0 0.7015625 0.62890625 0.284375 0.33984375
0 0.340625 0.64765625 0.23125 0.30234375
0 0.34609375 0.5359375 0.2203125 0.32890625
0 0.37578125 0.421875 0.2015625 0.440625
0 0.66015625 0.48359375 0.2046875 0.41640625
0 0.60859375 0.40859375 0.1390625 0.45390625
0 0.54140625 0.378125 0.0765625 0.46953125
0 0.44453125 0.4015625 0.1296875 0.42734375
0 0.48203125 0.37890625 0.0484375 0.2125
0 0.5921875 0.34921875 0.0375 0.2546875
0 0.3765625 0.35234375 0.059375 0.22109375