0 0.40234375 0.6390625 0.4203125 0.4828125
0 0.49921875 0.4796875 0.9921875 0.9546875
0 0.5828125 0.64609375 0.3125 0.61328125
0 0.8265625 0.46328125 0.340625 0.5078125
0 0.50546875 0.2125 0.2359375 0.425
0 0.1484375 0.70078125 0.284375 0.49453125
0 0.86171875 0.85078125 0.2703125 0.209375
0 0.13828125 0.36171875 0.1578125 0.2828125
0 0.0734375 0.71484375 0.1375 0.48125
0 0.06328125 0.36640625 0.1265625 0.22890625
0 0.6078125 0.12109375 0.228125 0.2421875
0 0.85859375 0.17265625 0.2765625 0.3453125