0 0.49453125 0.47265625 0.9890625 0.92109375
0 0.78359375 0.71484375 0.4078125 0.39609375
0 0.74140625 0.38046875 0.3796875 0.47265625
0 0.69453125 0.12109375 0.3421875 0.19140625
0 0.3359375 0.71015625 0.4875 0.44609375
0 0.7625 0.50234375 0.446875 0.8125
0 0.01796875 0.35625 0.0359375 0.4375
0 0.6828125 0.31875 0.090625 0.19140625
0 0.73359375 0.44140625 0.0640625 0.12109375
0 0.20859375 0.19921875 0.3609375 0.27734375
0 0.76171875 0.32578125 0.0734375 0.18984375
0 0.12734375 0.01796875 0.2546875 0.03515625