0 0.4984375 0.47890625 0.9875 0.93515625
0 0.59140625 0.671875 0.3890625 0.56171875
0 0.2953125 0.6015625 0.128125 0.44296875
0 0.30390625 0.34453125 0.4046875 0.45625
0 0.70625 0.70390625 0.15625 0.49453125
0 0.08671875 0.4328125 0.1703125 0.31953125
0 0.44375 0.18046875 0.353125 0.36015625
0 0.20234375 0.5859375 0.3984375 0.6171875
0 0.6390625 0.30234375 0.1875 0.196875
0 0.1921875 0.2171875 0.18125 0.2015625
0 0.85390625 0.5078125 0.2828125 0.528125
0 0.49140625 0.54921875 0.1890625 0.39609375
0 0.33359375 0.09140625 0.1328125 0.1828125
0 0.55625 0.18203125 0.128125 0.3421875
0 0.81953125 0.184375 0.3515625 0.2484375
0 0.91640625 0.52421875 0.1203125 0.39140625