0 0.41484375 0.48359375 0.7234375 0.71171875
0 0.46953125 0.3390625 0.0953125 0.40078125
0 0.203125 0.6296875 0.24375 0.2390625
0 0.64296875 0.65234375 0.2671875 0.26171875
0 0.903125 0.63125 0.1875 0.3890625
0 0.59765625 0.47734375 0.1890625 0.35546875
0 0.8578125 0.31328125 0.221875 0.3578125
0 0.3328125 0.37890625 0.1875 0.3375
0 0.91640625 0.57265625 0.1609375 0.196875
0 0.325 0.09921875 0.090625 0.1984375
0 0.95390625 0.184375 0.0796875 0.315625
0 0.1359375 0.27265625 0.21875 0.14765625
0 0.25078125 0.50546875 0.2296875 0.21484375
0 0.2234375 0.7515625 0.259375 0.1703125
0 0.91875 0.69609375 0.15625 0.1921875