0 0.49921875 0.4796875 0.9890625 0.94609375
0 0.3015625 0.27890625 0.46875 0.440625
0 0.1421875 0.7875 0.284375 0.3359375
0 0.16640625 0.1453125 0.3328125 0.290625
0 0.50390625 0.5625 0.5921875 0.6328125
0 0.5265625 0.4640625 0.3875 0.42734375
0 0.7578125 0.7453125 0.475 0.4203125
0 0.8390625 0.2390625 0.2 0.10703125
0 0.41796875 0.6484375 0.3171875 0.1921875
0 0.40703125 0.80390625 0.3109375 0.1546875
0 0.56484375 0.11171875 0.2484375 0.2234375
0 0.8234375 0.23828125 0.34375 0.42734375
0 0.425 0.5734375 0.315625 0.2171875
0 0.75 0.80390625 0.278125 0.29765625