0 0.61328125 0.48125 0.7671875 0.9625
0 0.74140625 0.45390625 0.259375 0.36328125
0 0.66953125 0.16484375 0.2265625 0.3109375
0 0.5140625 0.18203125 0.2328125 0.35390625
0 0.8671875 0.28984375 0.26171875 0.1984375
0 0.83359375 0.6890625 0.2515625 0.36640625
0 0.3703125 0.1953125 0.159375 0.26484375
0 0.615625 0.821875 0.23828125 0.27421875
0 0.9171875 0.74453125 0.165625 0.38125
0 0.6375 0.61015625 0.240625 0.29453125
0 0.45859375 0.8484375 0.1984375 0.2296875
0 0.78203125 0.8890625 0.17109375 0.1484375
0 0.9234375 0.096875 0.15 0.19375
0 0.9328125 0.86484375 0.13046875 0.19609375
0 0.53046875 0.39140625 0.23828125 0.26484375
0 0.4 0.43671875 0.25390625 0.28515625
0 0.928125 0.41796875 0.140625 0.2390625
0 0.94921875 0.16953125 0.1015625 0.20546875
0 0.8390625 0.1 0.1171875 0.2