0 0.4875 0.47890625 0.725 0.7296875
0 0.67265625 0.55625 0.1515625 0.28828125
0 0.73828125 0.4484375 0.1015625 0.26171875
0 0.73203125 0.740625 0.2328125 0.165625
0 0.28671875 0.559375 0.2609375 0.2234375
0 0.621875 0.425 0.13125 0.353125
0 0.3890625 0.43828125 0.246875 0.3890625
0 0.28203125 0.75625 0.2546875 0.17890625
0 0.5109375 0.37578125 0.128125 0.3671875
0 0.4359375 0.27265625 0.0625 0.15234375
0 0.19453125 0.709375 0.1421875 0.14765625
0 0.62109375 0.26171875 0.0953125 0.11640625
0 0.41640625 0.24140625 0.1078125 0.21484375