0 0.6859375 0.4171875 0.340625 0.3109375
0 0.36640625 0.3234375 0.5140625 0.15859375
0 0.8890625 0.09609375 0.21875 0.1921875
0 0.46015625 0.2015625 0.7109375 0.40234375
0 0.47109375 0.10546875 0.5046875 0.21015625
0 0.403125 0.16328125 0.59375 0.21015625
0 0.68515625 0.35546875 0.1171875 0.15234375
0 0.58046875 0.46640625 0.1015625 0.12734375
0 0.7765625 0.46875 0.096875 0.15
0 0.69453125 0.53046875 0.1171875 0.08046875
0 0.6796875 0.4671875 0.115625 0.09375
0 0.81328125 0.4140625 0.0859375 0.1296875
0 0.5515625 0.4375 0.071875 0.10078125
0 0.63203125 0.33984375 0.1203125 0.15234375
0 0.7078125 0.071875 0.1625 0.14296875