0 0.50859375 0.471875 0.7578125 0.85
0 0.771875 0.590625 0.23125 0.25390625
0 0.6015625 0.265625 0.1125 0.39140625
0 0.52421875 0.25234375 0.0859375 0.41171875
0 0.6640625 0.3265625 0.1625 0.3625
0 0.6859375 0.4453125 0.159375 0.3265625
0 0.30859375 0.409375 0.1921875 0.30546875
0 0.43984375 0.26796875 0.0953125 0.40703125
0 0.25078125 0.62578125 0.2421875 0.16328125
0 0.37109375 0.3203125 0.1421875 0.37578125
0 0.75703125 0.42890625 0.1109375 0.30859375
0 0.27890625 0.546875 0.1953125 0.20703125
0 0.66875 0.18359375 0.0375 0.134375
0 0.29375 0.28203125 0.065625 0.15
0 0.56953125 0.165625 0.0390625 0.15