0 0.440625 0.45234375 0.88125 0.8984375
0 0.16171875 0.303125 0.2015625 0.2390625
0 0.36015625 0.325 0.32265625 0.18359375
0 0.225 0.684375 0.3 0.12421875
0 0.51328125 0.35703125 0.3921875 0.14453125
0 0.4765625 0.78828125 0.36015625 0.11640625
0 0.47265625 0.578125 0.38046875 0.10703125
0 0.08515625 0.0953125 0.1703125 0.11328125
0 0.3140625 0.465625 0.628125 0.13515625
0 0.09296875 0.02109375 0.1578125 0.0421875
0 0.2640625 0.46796875 0.2734375 0.11640625
0 0.6890625 0.20546875 0.3859375 0.13671875
0 0.66171875 0.47578125 0.40078125 0.13359375
0 0.615625 0.79140625 0.28515625 0.11328125
0 0.08671875 0.4515625 0.17265625 0.1109375
0 0.04609375 0.28359375 0.0921875 0.2515625
0 0.43671875 0.69375 0.2046875 0.13125
0 0.0734375 0.68125 0.146875 0.10390625
0 0.45390625 0.4796875 0.3484375 0.10703125
0 0.15 0.1515625 0.109375 0.16328125