0 0.5015625 0.515625 0.63125 0.65078125
0 0.67421875 0.59375 0.2265625 0.18984375
0 0.33984375 0.58515625 0.1328125 0.253125
0 0.67890625 0.76484375 0.2234375 0.15625
0 0.4796875 0.4328125 0.109375 0.315625
0 0.57578125 0.4578125 0.1734375 0.2703125
0 0.28203125 0.49921875 0.0890625 0.24609375
0 0.28671875 0.7453125 0.2046875 0.14296875
0 0.38359375 0.47109375 0.1109375 0.3109375
0 0.54296875 0.34765625 0.0515625 0.12734375
0 0.7421875 0.71484375 0.146875 0.10546875
0 0.6390625 0.46328125 0.128125 0.196875