0 0.4984375 0.525 0.996875 0.86875
0 0.30234375 0.2984375 0.48984375 0.41875
0 0.71015625 0.29921875 0.3140625 0.2796875
0 0.76484375 0.353125 0.4234375 0.41640625
0 0.58828125 0.565625 0.5703125 0.48359375
0 0.88359375 0.7859375 0.22734375 0.35
0 0.80703125 0.26640625 0.334375 0.24453125
0 0.2015625 0.63203125 0.403125 0.32421875
0 0.19453125 0.30078125 0.2734375 0.35
0 0.4984375 0.78515625 0.996875 0.3515625
0 0.2421875 0.859375 0.484375 0.20390625
0 0.353125 0.2484375 0.25625 0.29296875
0 0.6484375 0.53359375 0.27109375 0.40390625