0 0.5234375 0.4734375 0.734375 0.8234375
0 0.55078125 0.4671875 0.3984375 0.409375
0 0.67734375 0.3953125 0.4296875 0.21953125
0 0.60859375 0.2109375 0.3515625 0.30078125
0 0.375 0.66484375 0.20625 0.40546875
0 0.44453125 0.290625 0.4171875 0.31640625
0 0.31484375 0.2453125 0.2328125 0.2234375
0 0.66796875 0.66328125 0.2515625 0.33203125
0 0.284375 0.6484375 0.125 0.3265625
0 0.54140625 0.7390625 0.1453125 0.296875
0 0.23046875 0.484375 0.1484375 0.2625
0 0.32109375 0.5921875 0.1984375 0.4390625