0 0.4984375 0.47890625 0.99375 0.9578125
0 0.21875 0.33671875 0.165625 0.15859375
0 0.2625 0.82890625 0.134375 0.253125
0 0.3546875 0.6453125 0.19375 0.18125
0 0.55 0.8828125 0.159375 0.1453125
0 0.71640625 0.81171875 0.2140625 0.21484375
0 0.52109375 0.5109375 0.1984375 0.1765625
0 0.52890625 0.66015625 0.1703125 0.165625
0 0.2109375 0.48515625 0.21875 0.165625
0 0.065625 0.134375 0.13125 0.17421875
0 0.39765625 0.34921875 0.1984375 0.165625
0 0.6890625 0.61328125 0.1625 0.17421875
0 0.54296875 0.31875 0.1484375 0.13203125
0 0.15078125 0.63125 0.2140625 0.2015625
0 0.18046875 0.0953125 0.1765625 0.13203125
0 0.11015625 0.82578125 0.2171875 0.259375
0 0.9703125 0.80859375 0.05625 0.171875
0 0.80625 0.428125 0.159375 0.1546875
0 0.346875 0.23046875 0.171875 0.12109375
0 0.784375 0.33359375 0.140625 0.11171875
0 0.36640625 0.4921875 0.1140625 0.1703125
0 0.8828125 0.8109375 0.121875 0.18984375
0 0.71640625 0.1703125 0.1359375 0.125
0 0.31875 0.0984375 0.121875 0.1296875
0 0.6640625 0.24296875 0.14375 0.12265625
0 0.88203125 0.59609375 0.2265625 0.2171875
0 0.6765625 0.45859375 0.146875 0.18828125
0 0.5453125 0.7921875 0.16875 0.1390625
0 0.93046875 0.06953125 0.1328125 0.1390625