0 0.48984375 0.4703125 0.7578125 0.846875
0 0.6890625 0.4078125 0.19375 0.30859375
0 0.6265625 0.3203125 0.140625 0.3703125
0 0.47421875 0.25234375 0.0859375 0.41171875
0 0.55703125 0.26796875 0.0953125 0.40703125
0 0.31171875 0.4453125 0.1578125 0.3265625
0 0.74765625 0.62578125 0.2421875 0.16328125
0 0.33359375 0.3265625 0.1640625 0.3625
0 0.396875 0.2671875 0.1125 0.39375
0 0.7203125 0.5453125 0.196875 0.21015625
0 0.70078125 0.28984375 0.0703125 0.165625
0 0.2265625 0.590625 0.23125 0.25390625
0 0.24296875 0.43125 0.1140625 0.31328125
0 0.328125 0.17890625 0.034375 0.12421875
0 0.61796875 0.221875 0.0484375 0.1734375
0 0.428125 0.16484375 0.040625 0.14765625