0 0.5375 0.48359375 0.76796875 0.7484375
0 0.23984375 0.36484375 0.17265625 0.2515625
0 0.6875 0.625 0.36484375 0.21640625
0 0.61015625 0.6890625 0.521875 0.33671875
0 0.528125 0.6609375 0.23046875 0.21484375
0 0.4453125 0.753125 0.1921875 0.209375
0 0.4921875 0.2734375 0.24375 0.328125
0 0.6609375 0.371875 0.42421875 0.2296875
0 0.69296875 0.471875 0.453125 0.140625
0 0.60078125 0.315625 0.353125 0.26484375
0 0.30625 0.27890625 0.159375 0.29453125
0 0.78984375 0.596875 0.22421875 0.12421875
0 0.35546875 0.56796875 0.23046875 0.29453125
0 0.6796875 0.75546875 0.32265625 0.140625