0 0.63359375 0.29609375 0.18828125 0.28515625
0 0.49375 0.29140625 0.13359375 0.25390625
0 0.3546875 0.328125 0.14921875 0.25546875
0 0.153125 0.425 0.21171875 0.16484375
0 0.29609375 0.41875 0.21484375 0.19296875
0 0.43359375 0.646875 0.18046875 0.1609375
0 0.475 0.43828125 0.1546875 0.17578125
0 0.7484375 0.37578125 0.17265625 0.21484375
0 0.5078125 0.496875 0.91640625 0.68671875
0 0.23046875 0.31640625 0.11484375 0.140625
0 0.8390625 0.64453125 0.25390625 0.121875
0 0.60859375 0.57421875 0.19140625 0.17421875
0 0.3234375 0.65390625 0.14375 0.13359375
0 0.290625 0.54375 0.35625 0.1015625
0 0.63984375 0.66953125 0.1703125 0.14296875
0 0.7765625 0.50703125 0.20703125 0.19296875
0 0.37265625 0.76171875 0.22265625 0.090625
0 0.69921875 0.53671875 0.371875 0.2515625
0 0.596875 0.4609375 0.18359375 0.16640625
0 0.5265625 0.7453125 0.13125 0.16875
0 0.796875 0.58984375 0.21171875 0.16484375