0 0.525 0.484375 0.615625 0.78984375
0 0.72734375 0.38359375 0.2109375 0.19921875
0 0.55 0.240625 0.084375 0.30234375
0 0.35625 0.42421875 0.190625 0.1765625
0 0.64140625 0.27421875 0.1421875 0.2796875
0 0.59140625 0.196875 0.0484375 0.2015625
0 0.3890625 0.73046875 0.146875 0.30234375
0 0.39765625 0.328125 0.1546875 0.2484375
0 0.3515625 0.54609375 0.1875 0.1296875
0 0.3 0.6375 0.15625 0.11171875
0 0.3078125 0.31328125 0.090625 0.08046875
0 0.46484375 0.26640625 0.1109375 0.28671875
0 0.478125 0.18046875 0.065625 0.12734375
0 0.2734375 0.46953125 0.1125 0.103125
0 0.38515625 0.2171875 0.0671875 0.09375