0 0.41640625 0.4359375 0.5609375 0.871875
0 0.0875 0.62421875 0.175 0.36484375
0 0.734375 0.5734375 0.375 0.31328125
0 0.67734375 0.5078125 0.2609375 0.1828125
0 0.54765625 0.86796875 0.3203125 0.1734375
0 0.8296875 0.77578125 0.115625 0.19140625
0 0.95546875 0.50234375 0.0859375 0.32890625
0 0.0484375 0.746875 0.096875 0.259375
0 0.9078125 0.871875 0.178125 0.16640625
0 0.19296875 0.8359375 0.2296875 0.2390625
0 0.76953125 0.6828125 0.4546875 0.5359375
0 0.29296875 0.48515625 0.3171875 0.77265625
0 0.19921875 0.696875 0.3984375 0.515625
0 0.41640625 0.303125 0.2265625 0.52890625
0 0.4984375 0.678125 0.99375 0.54921875