0 0.553125 0.2359375 0.628125 0.43515625
0 0.60546875 0.66796875 0.34609375 0.32421875
0 0.53203125 0.46796875 0.7640625 0.9015625
0 0.62265625 0.6015625 0.19609375 0.19296875
0 0.2390625 0.4234375 0.2078125 0.109375
0 0.31015625 0.428125 0.06640625 0.07421875
0 0.55078125 0.671875 0.109375 0.23359375
0 0.45703125 0.15078125 0.10625 0.14609375
0 0.69609375 0.6265625 0.1640625 0.22421875
0 0.37734375 0.13828125 0.184375 0.13515625
0 0.56015625 0.084375 0.12421875 0.08671875
0 0.68984375 0.3015625 0.10625 0.16640625
0 0.39921875 0.053125 0.21640625 0.0609375
0 0.646875 0.08984375 0.12421875 0.1015625
0 0.1890625 0.41875 0.10078125 0.09609375
0 0.7421875 0.1140625 0.1125 0.11328125