0 0.63125 0.33828125 0.4828125 0.28671875
0 0.321875 0.38046875 0.4859375 0.3203125
0 0.46484375 0.5796875 0.9296875 0.76328125
0 0.05546875 0.340625 0.11015625 0.26328125
0 0.4421875 0.6953125 0.3703125 0.36484375
0 0.21484375 0.621875 0.16953125 0.4515625
0 0.46640625 0.86796875 0.93203125 0.190625
0 0.07734375 0.6390625 0.1546875 0.4125
0 0.58203125 0.721875 0.37265625 0.34453125
0 0.146875 0.91796875 0.29375 0.090625
0 0.16796875 0.39453125 0.16640625 0.2296875
0 0.3390625 0.66015625 0.2765625 0.409375
0 0.0421875 0.7203125 0.084375 0.24453125
0 0.2609375 0.6 0.08203125 0.29609375
0 0.384375 0.75390625 0.76875 0.4109375