0 0.49921875 0.47890625 0.9984375 0.9578125
0 0.68984375 0.11171875 0.1734375 0.2234375
0 0.06796875 0.44296875 0.1359375 0.3625
0 0.79296875 0.6578125 0.1359375 0.2953125
0 0.91328125 0.771875 0.1390625 0.290625
0 0.2265625 0.48125 0.234375 0.3625
0 0.1171875 0.253125 0.153125 0.45625
0 0.63515625 0.3890625 0.1609375 0.31328125
0 0.58671875 0.18984375 0.2078125 0.1921875
0 0.8984375 0.1109375 0.2 0.22109375
0 0.9125 0.334375 0.171875 0.29296875
0 0.7421875 0.8578125 0.21875 0.18984375
0 0.68359375 0.6890625 0.1859375 0.21953125
0 0.79609375 0.2953125 0.1203125 0.2546875
0 0.28671875 0.7203125 0.2453125 0.2640625
0 0.21875 0.48203125 0.4375 0.9421875
0 0.15 0.73125 0.23125 0.28203125
0 0.51171875 0.07265625 0.2265625 0.1453125
0 0.52109375 0.2875 0.1984375 0.1765625
0 0.01484375 0.20234375 0.0296875 0.3828125
0 0.53125 0.5390625 0.215625 0.17890625
0 0.790625 0.07578125 0.115625 0.1515625
0 0.034375 0.834375 0.06875 0.24140625