0 0.5546875 0.496875 0.87890625 0.728125
0 0.834375 0.3015625 0.19921875 0.23671875
0 0.77265625 0.68359375 0.3 0.12578125
0 0.7984375 0.4609375 0.39765625 0.1296875
0 0.51328125 0.78671875 0.375 0.11875
0 0.63515625 0.32421875 0.32578125 0.18515625
0 0.48125 0.35703125 0.3921875 0.140625
0 0.334375 0.475 0.403125 0.13125
0 0.30078125 0.20546875 0.37734375 0.13671875
0 0.91171875 0.0953125 0.1703125 0.11328125
0 0.52421875 0.57578125 0.38046875 0.10703125
0 0.9 0.02109375 0.153125 0.0421875
0 0.56015625 0.68828125 0.21015625 0.1390625
0 0.909375 0.45078125 0.17578125 0.109375
0 0.9234375 0.68125 0.146875 0.10390625
0 0.94921875 0.28359375 0.0953125 0.2515625
0 0.54140625 0.47890625 0.34609375 0.109375
0 0.59921875 0.7984375 0.2015625 0.0890625
0 0.38203125 0.790625 0.28515625 0.11484375