0 0.4984375 0.6640625 0.996875 0.58203125
0 0.66796875 0.14765625 0.0734375 0.08515625
0 0.69765625 0.2453125 0.0828125 0.0875
0 0.17265625 0.22265625 0.0859375 0.12265625
0 0.2125 0.1328125 0.075 0.109375
0 0.53984375 0.24296875 0.0546875 0.0515625
0 0.24140625 0.2390625 0.0515625 0.0578125
0 0.3921875 0.2390625 0.053125 0.0578125
0 0.33984375 0.428125 0.0390625 0.09140625
0 0.34453125 0.83203125 0.0765625 0.1703125
0 0.45859375 0.484375 0.0390625 0.1140625
0 0.05390625 0.46875 0.0921875 0.10078125
0 0.43515625 0.18359375 0.6140625 0.21015625
0 0.19921875 0.18125 0.1390625 0.20546875
0 0.06171875 0.7171875 0.1234375 0.09609375
0 0.50234375 0.45078125 0.9921875 0.1546875
0 0.16953125 0.43046875 0.0515625 0.09609375
0 0.61484375 0.428125 0.0546875 0.1140625
0 0.6234375 0.84375 0.065625 0.14765625
0 0.66328125 0.434375 0.0546875 0.10703125
0 0.659375 0.13203125 0.053125 0.05390625
0 0.90234375 0.78671875 0.0515625 0.1140625
0 0.559375 0.4296875 0.059375 0.09375
0 0.6859375 0.196875 0.109375 0.18359375
0 0.5015625 0.43203125 0.053125 0.08515625
0 0.13515625 0.56015625 0.0703125 0.09140625
0 0.50546875 0.80859375 0.0515625 0.13671875
0 0.184375 0.86875 0.075 0.09609375
0 0.71953125 0.434375 0.0546875 0.10703125
0 0.76015625 0.8609375 0.1109375 0.04453125
0 0.68984375 0.1484375 0.0296875 0.078125
0 0.775 0.55234375 0.08125 0.11171875
0 0.83671875 0.82890625 0.0734375 0.16796875
0 0.42265625 0.4734375 0.0765625 0.0828125
0 0.28515625 0.69375 0.1109375 0.0984375