0 0.49453125 0.48046875 0.98828125 0.9609375
0 0.28515625 0.265625 0.51875 0.53125
0 0.2640625 0.51484375 0.52734375 0.43359375
0 0.5046875 0.57421875 0.67421875 0.3515625
0 0.06484375 0.13359375 0.1296875 0.26640625
0 0.58046875 0.13359375 0.3140625 0.26640625
0 0.578125 0.30859375 0.48125 0.34609375
0 0.21328125 0.1203125 0.2765625 0.240625
0 0.0375 0.34375 0.075 0.45
0 0.76796875 0.8109375 0.371875 0.29296875
0 0.88046875 0.90078125 0.23359375 0.1203125
0 0.23515625 0.84609375 0.296875 0.2296875
0 0.7390625 0.4546875 0.31953125 0.24296875
0 0.02890625 0.79921875 0.0578125 0.30546875