0 0.64140625 0.815625 0.2328125 0.2796875
0 0.4984375 0.47890625 0.99375 0.9578125
0 0.28828125 0.39140625 0.2484375 0.24140625
0 0.571875 0.5828125 0.23125 0.23046875
0 0.275 0.83125 0.309375 0.2484375
0 0.4859375 0.24609375 0.165625 0.18359375
0 0.67578125 0.4265625 0.2390625 0.2078125
0 0.82109375 0.35546875 0.1953125 0.18828125
0 0.33984375 0.621875 0.2015625 0.2234375
0 0.66875 0.1171875 0.175 0.15859375
0 0.16484375 0.1734375 0.1140625 0.15
0 0.85625 0.80390625 0.28125 0.28828125
0 0.084375 0.08203125 0.15625 0.09609375
0 0.32890625 0.240625 0.1890625 0.16328125
0 0.828125 0.153125 0.165625 0.140625
0 0.12890625 0.67109375 0.2578125 0.259375
0 0.76640625 0.24375 0.2015625 0.12109375
0 0.0765625 0.41484375 0.153125 0.19921875
0 0.79375 0.51796875 0.2125 0.16328125
0 0.8390625 0.6453125 0.253125 0.15
0 0.37578125 0.12265625 0.1578125 0.15625
0 0.6078125 0.21953125 0.10625 0.134375
0 0.49375 0.03359375 0.259375 0.0671875
0 0.48984375 0.4046875 0.1578125 0.18828125
0 0.94765625 0.21484375 0.0984375 0.14765625
0 0.05390625 0.1921875 0.1078125 0.1296875
0 0.9203125 0.0421875 0.153125 0.084375