0 0.49921875 0.47734375 0.9921875 0.9546875
0 0.1703125 0.45078125 0.340625 0.52109375
0 0.38125 0.63671875 0.671875 0.59765625
0 0.26796875 0.84140625 0.4390625 0.1921875
0 0.77265625 0.7640625 0.4484375 0.3828125
0 0.715625 0.30859375 0.228125 0.11640625
0 0.72265625 0.85 0.3515625 0.21015625
0 0.7140625 0.33359375 0.378125 0.4515625
0 0.1140625 0.103125 0.225 0.20546875
0 0.271875 0.74140625 0.440625 0.23515625
0 0.37265625 0.15625 0.2921875 0.30859375
0 0.3875 0.60078125 0.375 0.46328125
0 0.2265625 0.89609375 0.45 0.11875