0 0.4984375 0.47734375 0.990625 0.95078125
0 0.509375 0.609375 0.221875 0.5796875
0 0.6703125 0.275 0.3625 0.43359375
0 0.2671875 0.49765625 0.196875 0.47890625
0 0.18203125 0.484375 0.2578125 0.51484375
0 0.17109375 0.14609375 0.2078125 0.2515625
0 0.67890625 0.52578125 0.2640625 0.57109375
0 0.60703125 0.59921875 0.2421875 0.57734375
0 0.3796875 0.45390625 0.19375 0.55703125
0 0.1 0.14296875 0.2 0.28515625
0 0.48828125 0.54296875 0.6453125 0.703125
0 0.1 0.79921875 0.2 0.3125
0 0.78046875 0.2171875 0.2484375 0.384375
0 0.34140625 0.73828125 0.2703125 0.23125