0 0.490625 0.49453125 0.91328125 0.68515625
0 0.3609375 0.29609375 0.18359375 0.28515625
0 0.69765625 0.41875 0.2171875 0.19296875
0 0.50234375 0.29296875 0.1359375 0.25546875
0 0.63984375 0.328125 0.14921875 0.25546875
0 0.7671875 0.31640625 0.11484375 0.140625
0 0.5640625 0.6484375 0.18046875 0.159375
0 0.521875 0.43984375 0.1546875 0.171875
0 0.2171875 0.50703125 0.209375 0.19296875
0 0.3875 0.575 0.19375 0.17578125
0 0.15546875 0.64453125 0.2484375 0.121875
0 0.24375 0.375 0.1671875 0.21328125
0 0.62421875 0.7609375 0.22265625 0.0890625
0 0.84453125 0.42421875 0.20703125 0.16328125
0 0.70703125 0.54453125 0.35625 0.1
0 0.46875 0.7453125 0.13125 0.16875
0 0.67109375 0.653125 0.14375 0.13125
0 0.40078125 0.4609375 0.18359375 0.16640625
0 0.35625 0.66875 0.1671875 0.140625
0 0.26953125 0.8453125 0.30859375 0.23515625
0 0.1953125 0.590625 0.20703125 0.16328125