0 0.5 0.47890625 1 0.9578125
0 0.759375 0.4765625 0.48125 0.953125
0 0.2875 0.540625 0.575 0.8296875
0 0.30859375 0.3625 0.0796875 0.228125
0 0.75 0.1921875 0.121875 0.11640625
0 0.6875 0.15234375 0.246875 0.196875
0 0.1 0.125 0.2 0.11171875
0 0.80390625 0.51015625 0.0890625 0.14296875
0 0.11171875 0.04140625 0.2234375 0.0828125
0 0.84765625 0.790625 0.1203125 0.12265625
0 0.71328125 0.346875 0.1203125 0.2015625
0 0.640625 0.125 0.153125 0.14296875
0 0.81328125 0.29296875 0.0828125 0.21015625
0 0.2296875 0.45546875 0.10625 0.1453125