0 0.496875 0.48203125 0.99375 0.9609375
0 0.68046875 0.759375 0.57578125 0.40390625
0 0.50703125 0.465625 0.26484375 0.23515625
0 0.2296875 0.69453125 0.459375 0.51875
0 0.29921875 0.6015625 0.31953125 0.3296875
0 0.58828125 0.43671875 0.42734375 0.33671875
0 0.61328125 0.82421875 0.11015625 0.221875
0 0.96484375 0.17890625 0.0640625 0.190625
0 0.19453125 0.36484375 0.3890625 0.2234375
0 0.0578125 0.08984375 0.115625 0.1453125
0 0.31796875 0.084375 0.41015625 0.16875
0 0.31640625 0.12109375 0.6328125 0.2421875
0 0.4828125 0.80859375 0.16875 0.190625
0 0.13046875 0.80390625 0.11640625 0.2703125
0 0.86796875 0.33359375 0.25859375 0.50703125
0 0.6828125 0.409375 0.23828125 0.26640625