0 0.4984375 0.47734375 0.99375 0.9546875
0 0.5234375 0.89140625 0.171875 0.12734375
0 0.7390625 0.82421875 0.325 0.26171875
0 0.79375 0.2625 0.25625 0.140625
0 0.21328125 0.4765625 0.4234375 0.953125
0 0.61640625 0.6765625 0.1859375 0.29765625
0 0.23359375 0.2703125 0.1859375 0.34921875
0 0.28125 0.14296875 0.21875 0.27265625
0 0.49140625 0.38515625 0.1671875 0.2953125
0 0.28125 0.6546875 0.1125 0.25703125
0 0.7890625 0.66875 0.325 0.21015625
0 0.75703125 0.40625 0.2796875 0.16328125
0 0.13125 0.75625 0.128125 0.25078125