0 0.4984375 0.47421875 0.990625 0.94375
0 0.490625 0.49375 0.34375 0.83984375
0 0.16015625 0.40703125 0.3203125 0.5140625
0 0.80625 0.55859375 0.325 0.73046875
0 0.78046875 0.12109375 0.4203125 0.24140625
0 0.24453125 0.125 0.2703125 0.24921875
0 0.55859375 0.4109375 0.2109375 0.66953125
0 0.36171875 0.0609375 0.2984375 0.121875
0 0.78984375 0.53671875 0.1015625 0.534375
0 0.7078125 0.58046875 0.090625 0.55
0 0.09296875 0.68671875 0.1859375 0.51875
0 0.446875 0.50390625 0.0875 0.7171875
0 0.37109375 0.540625 0.1046875 0.7609375